15
65
122
131
140
150
173
200
220
238
305
353
357
376
386
403
446
448
489
492
513
516
538
543
588
598
604
611
639
648
650
658
663
698
714
727
737
775
783
828
834
844
879
900
903
943
967
968
973
1026
1036
1037
1047
1102
1126
1140
1141
1173
1175
1176
1187
1201
1269
1287
1294
1316
1319
1371
1400
1410
1426
1456
1499
1500
1506
1587
1592
1602
1623
1656
1668
1669
1701
1716
1728
1731
1735
1740
1772
1817
1846
1858
1866
1916
1921
1957
1971
1974
1984
2011
2012
2068
2090
2109
2118
2133
2140
2154
2177
2206
2277
2291
2364
2372
2384
2387
2390
2401
2405
2412
2444
2453
2456
2531
2542
2555
2565
2587
2596
2659
2662
2746
2768
2778
2790
2905
2921
2926
2942
2956
2957
2982
2991
3008
3055
3125
3134
3147
3184
3220
3246
3260
3281
3323
3374
3403
3405
3409
3467
3484
3512
3523
3557
3570
3600
3617
3647
3649
3658
3665
3675
3690
3691
3709
3711
3722
3728
3741
3779
3780
3793
3804
3819
3829
3833
3855
3871
3881
3906
3947
3972
3977
3983
3984
3996
4002
4017
4112
4122
4151
4175
4176
4206
4276
4290
4299
4309
4312
4358
4400
4412
4424
4436
4438
4462
4488
4555
4560
4609
4625
4639
4681
4751
4765
4775
4796
4825
4826
4840
4850
4858
4861
4862
4880
4941
4949
4960
4963
4977
5094
5101
5116
5121
5125
5133
5136
5219
5252
5255
5258
5297
5298
5329
5341
5352
5355
5366
5393
5406
5408
5450
5477
5483
5494
5519
5572
5587
5611
5648
5660
5673
5689
5690
5724
5736
5738
5787
5804
5872
5880
5882
5900
5908
5909
5922
5990
5997
6027
6040
6059
6067
6072
6092
6106
6109
6147
6163
6164
6177
6194
6221
6239
6240
6266
6317
6357
6385
6388
6413
6446
6477
6485
6522
6524
6536
6599
6612
6643
6651
6734
6750
6753
6770
6775
6787
6790
6799
6837
6841
6877
6884
6900
6918
6921
6941
6960
6962
6970
6992
7000
7037
7057
7058
7094
7128
7171
7191
7193
7245
7250
7259
7289
7313
7318
7337
7351
7387
7388
7427
7472
7480
7487
7505
7514
7525
7547
7550
7563
7575
7599
7615
7635
7658
7696
7704
7734
7739
7847
7854
7858
7885
7906
7917
7962
7987
7992
7997
7999
8002
8020
8023
8026
8037
8076
8099
8106
8112
8116
8119
8144
8185
8213
8236
8260
8282
8327
8376
8381
8386
8474
8545
8547
8556
8566
8575
8579
8599
8621
8622
8625
8645
8660
8662
8679
8691
8743
8761
8765
8768
8825
8854
8872
8914
8940
8946
8961
8963
8977
8981
8993
9027
9037
9080
9144
9234
9249
9253
9295
9304
9308
9318
9360
9378
9389
9413
9417
9464
9502
9512
9561
9568
9599
9609
9649
9657
9670
9713
9735
9756
9795
9798
9806
9810
9822
9855
9863
9889
9914
9918
9935
9942
9947
9959
9988
9995
10026
10027
10043
10062
10072
10080
10085
10108
10114
10152
10159
10172
10202
10213
10216
10237
10250
10273
10277
10281
10286
10317
10361
10364
10386
10394
10465
10478
10482
10486
10491
10495
10511
10558
10569
10577
10580
10625
10641
10643
10667
10685
10689
10690
10720
10733
10750
10767
10787
10789
10826
10837
10841
10946
10958
10986
11004
11006
11023
11038
11066
11104
11114
11121
11122
11173
11195
11224
11239
11257
11283
11290
11306
11334
11363
11366
11394
11399
11407
11420
11435
11437
11470
11483
11501
11504
11510
11516
11538
11575
11603
11632
11634
11638
11647
11653
11678
11698
11733
11735
11782
11824
11829
11847
11850
11856
11901
11913
11953
11992
12021
12027
12035
12036
12038
12041
12042
12045
12061
12066
12104
12113
12140
12148
12167
12172
12223
12224
12246
12262
12266
12310
12318
12338
12408
12412
12414
12423
12430
12433
12439
12474
12478
12484
12491
12494
12505
12562
12585
12601
12618
12620
12628
12646
12652
12663
12689
12693
12699
12745
12767
12779
12792
12798
12804
12812
12922
12944
12966
12978
12986
12989
13009
13032
13067
13069
13101
13113
13180
13194
13198
13236
13251
13278
13287
13327
13353
13377
13415
13419
13427
13478
13520
13566
13604
13622
13639
13716
13736
13746
13775
13788
13789
13801
13825
13842
13849
13864
13868
13893
13930
13946
13950
13971
14041
14060
14068
14076
14093
14119
14156
14157
14201
14217
14235
14284
14285
14360
14363
14372
14376
14392
14407
14412
14437
14455
14465
14477
14486
14541
14565
14578
14609
14645
14646
14658
14667
14709
14710
14715
14765
14771
14783
14802
14804
14828
14840
14841
14858
14870
14923
14932
14939
14950
14958
14993
14996
15009
15015
15035
15049
15082
15103
15106
15130
15132
15140
15144
15157
15231
15240
15251
15266
15305
15318
15337
15350
15355
15383
15397
15409
15432
15529
15554
15567
15586
15589
15591
15596
15608
15666
15691
15738
15752
15756
15760
15762
15800
15803
15818
15859
15871
15882
15911
15919
15931
15944
15960
15980
15987
15996
16020
16032
16038
16041
16060
16062
16065
16078
16085
16091
16111
16153
16173
16219
16223
16234
16242
16265
16271
16290
16321
16325
16327
16351
16374
16398
16420
16424
16431
16442
16469
16470
16477
16512
16518
16610
16611
16633
16692
16701
16779
16783
16786
16797
16815
16837
16839
16878
16884
16910
16934
16944
16977
16989
16991
17001
17037
17043
17048
17057
17072
17095
17134
17155
17165
17186
17201
17224
17239
17254
17256
17274
17294
17307
17345
17452
17471
17473
17480
17484
17486
17505
17536
17538
17550
17564
17573
17578
17605
17640
17650
17670
17697
17724
17738
17760
17813
17825
17839
17849
17856
17901
17907
17936
17955
17961
17966
17980
17991
17998
18004
18024
18026
18032
18041
18058
18094
18098
18121
18140
18166
18175
18185
18191
18222
18239
18263
18288
18299
18305
18337
18364
18384
18408
18447
18464
18469
18472
18473
18485
18489
18506
18517
18530
18540
18573
18616
18642
18666
18672
18723
18737
18749
18776
18831
18852
18866
18881
18914
18921
18934
18940
18954
18975
18984
18989
19072
19078
19107
19110
19122
19218
19236
19257
19340
19435
19439
19448
19468
19479
19501
19504
19517
19531
19543
19545
19560
19576
19585
19607
19612
19616
19643
19693
19702
19728
19736
19742
19746
19789
19790
19803
19827
19848
19877
19887
19904
19910
19933
19970
19987
20014
20038
20086
20101
20135
20144
20206
20210
20253
20257
20276
20317
20369
20390
20411
20467
20504
20510
20511
20516
20525
20580
20589
20593
20616
20624
20645
20661
20684
20701
20746
20754
20760
20771
20794
20819
20844
20883
20908
20916
20961
20981
20999
21016
21028
21030
21032
21047
21092
21130
21148
21153
21158
21180
21194
21219
21224
21240
21313
21347
21353
21366
21367
21373
21387
21389
21414
21427
21432
21447
21450
21479
21487
21504
21522
21548
21602
21645
21659
21783
21788
21806
21823
21833
21844
21866
21871
21877
21915
21952
21955
21996
22024
22029
22058
22066
22075
22092
22094
22097
22104
22118
22142
22185
22187
22225
22235
22266
22298
22357
22378
22423
22425
22428
22486
22492
22531
22545
22604
22617
22643
22670
22675
22688
22692
22699
22716
22735
22768
22780
22813
22814
22844
22854
22875
22929
22952
22974
22979
22989
23002
23017
23030
23047
23051
23068
23108
23115
23120
23159
23185
23194
23198
23233
23242
23265
23266
23352
23354
23361
23365
23368
23382
23427
23507
23534
23547
23555
23560
23579
23587
23647
23648
23719
23748
23755
23765
23770
23781
23793
23811
23812
23874
23884
23889
23939
23968
23985
23989
23997
24007
24014
24046
24053
24064
24066
24087
24169
24182
24191
24209
24221
24223
24275
24283
24288
24307
24310
24312
24324
24340
24344
24350
24383
24398
24422
24423
24441
24456
24470
24515
24527
24530
24543
24569
24601
24652
24653
24658
24659
24676
24694
24695
24713
24726
24762
24770
24832
24833
24841
24855
24860
24867
24871
24903
24918
24941
24948
24968
25018
25020
25079
25103
25129
25147
25168
25171
25179
25240
25271
25340
25385
25395
25405
25430
25433
25448
25476
25483
25535
25541
25579
25593
25619
25654
25657
25663
25683
25706
25707
25709
25732
25756
25765
25766
25781
25789
25812
25839
25889
25932
25949
26004
26035
26040
26044
26046
26048
26049
26058
26088
26107
26130
26151
26152
26153
26168
26184
26217
26227
26286
26304
26336
26342
26360
26373
26375
26376
26377
26389
26391
26392
26410
26448
26452
26493
26536
26568
26571
26573
26609
26660
26661
26691
26701
26708
26709
26714
26715
26730
26735
26753
26757
26782
26786
26816
26842
26867
26870
26876
26911
26925
26942
26951
26959
26996
27021
27070
27129
27130
27134
27144
27184
27187
27207
27216
27222
27230
27251
27256
27259
27266
27298
27300
27310
27371
27373
27383
27399
27406
27422
27423
27439
27445
27484
27489
27554
27588
27661
27704
27707
27710
27720
27777
27819
27856
27859
27866
27885
27915
27918
27927
27958
27967
27985
28017
28038
28056
28058
28059
28091
28122
28146
28161
28169
28191
28203
28214
28285
28294
28362
28431
28437
28444
28480
28481
28523
28562
28593
28630
28650
28727
28759
28762
28772
28784
28814
28945
28967
28969
28984
29014
29046
29078
29086
29166
29208
29209
29224
29240
29258
29264
29274
29281
29325
29332
29344
29379
29490
29537
29543
29556
29560
29592
29595
29614
29619
29653
29668
29679
29700
29716
29718
29795
29811
29864
29869
29874
29875
29887
29900
29902
29937
29945
29971
30005
30021
30028
30035
30037
30055
30125
30138
30139
30173
30175
30197
30202
30209
30211
30218
30219
30225
30233
30276
30278
30280
30282
30292
30295
30305
30316
30330
30337
30349
30355
30385
30400
30443
30456
30457
30487
30564
30580
30587
30621
30654
30662
30694
30713
30724
30738
30768
30796
30856
30880
30894
30902
30910
30913
30939
30947
30951
31012
31046
31056
31105
31174
31182
31198
31222
31259
31276
31284
31288
31348
31353
31371
31372
31377
31404
31431
31433
31444
31456
31459
31462
31466
31487
31504
31532
31534
31536
31555
31609
31622
31681
31683
31685
31699
31709
31727
31746
31768
31769
31782
31797
31843
31857
31884
31899
31904
31956
31982
32049
32077
32086
32133
32159
32173
32188
32195
32215
32258
32275
32276
32293
32324
32364
32368
32400
32417
32439
32442
32447
32475
32476
32482
32505
32521
32575
32582
32613
32628
32657
32665
32667
32680
32712
32720
32733
32740
32777
32793
32810
32820
32853
32858
32859
32921
32922
32925
32936
32943
32958
32960
32967
32990
33020
33055
33069
33095
33103
33113
33123
33126
33129
33143
33147
33170
33177
33214
33225
33227
33238
33270
33277
33334
33371
33435
33493
33505
33546
33570
33585
33608
33618
33655
33687
33695
33703
33705
33709
33722
33750
33763
33764
33772
33776
33798
33816
33840
33854
33865
33870
33886
33892
33913
33931
33967
34011
34054
34058
34080
34082
34098
34134
34136
34151
34155
34226
34246
34271
34279
34290
34313
34318
34327
34379
34390
34391
34412
34447
34460
34464
34489
34491
34506
34518
34525
34541
34553
34562
34719
34728
34744
34745
34800
34807
34812
34835
34857
34861
34879
34883
34884
34886
34986
35000
35033
35036
35040
35066
35069
35077
35122
35127
35144
35147
35156
35163
35169
35182
35188
35225
35276
35302
35308
35315
35324
35337
35342
35357
35409
35416
35441
35472
35492
35495
35529
35535
35552
35559
35572
35580
35604
35606
35623
35628
35629
35637
35650
35671
35680
35720
35777
35800
35801
35820
35841
35854
35869
35907
35924
35941
35960
36003
36022
36051
36054
36073
36141
36171
36193
36262
36268
36271
36282
36339
36350
36352
36366
36386
36427
36539
36578
36627
36641
36697
36698
36704
36753
36756
36815
36816
36830
36840
36879
36909
36964
36978
37017
37033
37057
37066
37086
37090
37122
37130
37143
37179
37235
37236
37266
37310
37329
37347
37348
37370
37434
37439
37454
37467
37469
37532
37552
37562
37570
37582
37601
37616
37631
37634
37666
37719
37727
37735
37764
37778
37789
37811
37813
37866
37883
37886
37906
37912
37934
37939
38007
38016
38055
38124
38135
38142
38168
38170
38175
38187
38189
38201
38208
38219
38225
38236
38256
38282
38290
38295
38301
38308
38331
38426
38437
38441
38526
38532
38541
38549
38550
38582
38587
38590
38629
38665
38673
38677
38693
38714
38728
38742
38759
38764
38775
38785
38855
38857
38873
38889
38924
38946
38948
38951
38988
38989
38999
39012
39013
39069
39076
39088
39121
39127
39132
39142
39150
39164
39179
39210
39230
39235
39247
39282
39290
39295
39301
39333
39346
39355
39365
39366
39376
39382
39393
39394
39404
39409
39416
39417
39422
39433
39434
39462
39471
39516
39570
39627
39632
39650
39663
39666
39670
39690
39699
39701
39703
39709
39743
39752
39755
39762
39793
39807
39860
39863
39868
39884
39901
39920
39931
39970
40025
40066
40069
40080
40092
40122
40137
40156
40162
40175
40181
40206
40225
40237
40238
40288
40312
40327
40333
40347
40369
40372
40403
40424
40430
40438
40457
40473
40503
40539
40549
40551
40570
40588
40709
40711
40737
40738
40749
40790
40792
40810
40921
40930
40937
40939
40961
40970
40973
40979
40991
40999
41012
41019
41042
41047
41056
41099
41180
41195
41425
41428
41431
41462
41474
41503
41520
41530
41538
41553
41560
41587
41588
41597
41632
41641
41645
41657
41659
41674
41681
41689
41708
41714
41717
41727
41737
41753
41754
41776
41779
41832
41852
41880
41929
41950
41964
41971
41975
41983
42006
42059
42063
42068
42085
42089
42120
42157
42167
42174
42189
42197
42216
42224
42245
42265
42277
42278
42299
42308
42311
42326
42330
42348
42352
42356
42420
42433
42438
42521
42595
42625
42645
42649
42658
42687
42689
42696
42705
42735
42751
42796
42808
42819
42825
42837
42858
42866
42884
42904
42958
42967
42975
42997
43007
43008
43018
43045
43106
43110
43117
43174
43177
43240
43272
43273
43295
43296
43315
43328
43344
43362
43410
43424
43425
43427
43438
43439
43456
43460
43488
43492
43505
43512
43514
43515
43518
43537
43538
43546
43564
43567
43596
43606
43614
43670
43711
43713
43752
43783
43791
43805
43815
43854
43855
43860
43865
43881
43897
43935
43973
43977
43983
43984
43992
43998
44003
44008
44024
44028
44032
44037
44039
44055
44060
44085
44138
44156
44157
44161
44181
44214
44231
44265
44267
44276
44293
44303
44307
44311
44314
44333
44351
44359
44377
44389
44418
44509
44511
44557
44650
44651
44681
44733
44738
44741
44784
44825
44837
44874
44883
44889
44897
44950
44957
44973
44993
45013
45018
45025
45053
45055
45070
45091
45099
45104
45110
45114
45127
45135
45143
45235
45248
45284
45295
45303
45306
45330
45341
45375
45380
45384
45396
45436
45447
45490
45499
45513
45580
45610
45622
45645
45655
45658
45667
45696
45705
45713
45730
45741
45742
45748
45763
45789
45808
45826
45876
45889
45890
45924
45941
45943
45991
45996
45998
46006
46028
46050
46054
46085
46089
46095
46106
46131
46138
46159
46242
46244
46294
46306
46312
46316
46325
46347
46354
46393
46400
46403
46414
46424
46449
46454
46481
46552
46574
46585
46596
46604
46626
46715
46738
46756
46760
46768
46778
46803
46811
46853
46890
46917
46920
46939
46942
46945
46947
46949
46950
46957
46974
47000
47004
47029
47031
47032
47052
47067
47072
47097
47122
47126
47143
47154
47158
47173
47185
47215
47250
47278
47299
47313
47323
47355
47357
47376
47413
47426
47441
47447
47458
47478
47495
47510
47581
47583
47592
47599
47604
47610
47618
47626
47629
47633
47636
47657
47662
47727
47729
47739
47750
47774
47782
47801
47802
47823
47854
47878
47887
47892
47901
47918
47920
47924
47926
47962
47997
48047
48051
48080
48085
48101
48102
48126
48140
48166
48170
48172
48175
48197
48214
48230
48273
48289
48315
48366
48370
48398
48413
48454
48467
48468
48470
48474
48488
48509
48546
48550
48557
48647
48654
48671
48697
48712
48728
48744
48796
48806
48820
48893
48895
48898
48900
48903
48905
48931
48996
49002
49021
49026
49047
49068
49095
49124
49147
49154
49165
49204
49214
49220
49224
49225
49226
49256
49268
49344
49354
49382
49390
49393
49419
49421
49440
49460
49520
49545
49566
49570
49582
49587
49591
49598
49619
49637
49646
49651
49675
49748
49776
49804
49838
49844
49846
49860
49865
49869
49947
49949
49995
50024
50032
50067
50074
50093
50106
50121
50128
50140
50175
50192
50199
50220
50221
50233
50246
50282
50293
50304
50317
50321
50348
50351
50356
50370
50401
50421
50441
50482
50484
50503
50517
50518
50531
50550
50572
50582
50585
50633
50652
50679
50688
50704
50710
50735
50756
50869
50937
50944
50951
50953
50960
50969
51040
51043
51138
51153
51219
51264
51274
51275
51280
51285
51293
51295
51312
51398
51413
51415
51417
51483
51490
51509
51514
51559
51571
51586
51588
51607
51608
51626
51714
51759
51776
51899
51945
51976
51989
52008
52023
52030
52048
52055
52073
52080
52103
52126
52182
52197
52228
52264
52269
52276
52311
52357
52360
52365
52374
52421
52444
52550
52554
52556
52568
52599
52601
52746
52774
52831
52866
52870
52906
52941
52943
52949
52991
52992
52993
53023
53038
53052
53086
53091
53147
53169
53178
53203
53212
53219
53245
53290
53296
53302
53317
53321
53330
53337
53391
53455
53492
53529
53533
53548
53593
53597
53606
53616
53626
53646
53655
53656
53660
53696
53706
53719
53721
53723
53735
53740
53751
53776
53790
53800
53819
53849
53860
53990
53996
54003
54018
54025
54032
54043
54045
54069
54081
54107
54179
54214
54228
54242
54273
54306
54344
54384
54469
54475
54506
54512
54515
54532
54548
54577
54587
54589
54598
54614
54630
54637
54640
54654
54667
54669
54708
54725
54750
54886
54901
54904
54937
54988
55005
55016
55025
55027
55041
55049
55051
55056
55122
55128
55158
55182
55187
55190
55192
55197
55198
55202
55260
55283
55285
55295
55319
55400
55454
55462
55465
55489
55520
55529
55546
55553
55572
55621
55633
55639
55640
55662
55694
55708
55718
55746
55776
55827
55837
55854
55862
55864
55884
55931
55948
56006
56017
56041
56060
56061
56122
56149
56171
56192
56199
56206
56230
56269
56277
56308
56328
56336
56386
56416
56428
56500
56603
56606
56630
56683
56684
56697
56700
56710
56714
56720
56754
56772
56776
56782
56806
56816
56849
56882
56891
56898
56907
56951
56953
56981
56986
56999
57005
57015
57017
57093
57103
57109
57158
57185
57189
57205
57226
57251
57271
57329
57343
57352
57371
57385
57397
57408
57418
57421
57427
57467
57517
57531
57550
57554
57573
57663
57664
57672
57683
57686
57712
57728
57729
57734
57735
57759
57773
57795
57798
57802
57814
57835
57856
57889
57912
57914
57920
57968
57975
57976
57997
58046
58053
58066
58125
58151
58192
58195
58213
58234
58237
58261
58286
58288
58316
58331
58339
58377
58407
58434
58452
58453
58458
58588
58595
58599
58658
58667
58672
58693
58694
58713
58752
58759
58802
58832
58835
58842
58859
58860
58887
58908
58911
58924
58928
58931
58959
58964
58968
59040
59068
59089
59098
59118
59155
59157
59176
59218
59220
59228
59243
59246
59274
59292
59305
59322
59337
59343
59376
59455
59477
59491
59552
59568
59592
59612
59616
59629
59678
59686
59722
59727
59742
59757
59759
59781
59810
59832
59870
59882
59885
59893
59924
59961
59966
59985
59988
60004
60023
60064
60066
60108
60114
60118
60139
60152
60175
60184
60202
60232
60239
60246
60262
60273
60316
60324
60342
60381
60392
60398
60414
60443
60445
60451
60454
60463
60472
60508
60548
60599
60604
60614
60627
60634
60649
60653
60662
60714
60740
60750
60758
60771
60861
60874
60882
60893
60897
60898
60913
60943
60970
60977
60986
60987
60995
61012
61015
61078
61096
61103
61120
61143
61185
61186
61188
61208
61282
61319
61351
61382
61417
61433
61464
61467
61477
61479
61563
61572
61588
61603
61624
61689
61705
61713
61809
61869
61884
61938
61961
61975
61997
62020
62039
62091
62109
62128
62133
62137
62153
62184
62204
62237
62239
62255
62282
62305
62317
62332
62344
62356
62367
62371
62381
62398
62420
62467
62501
62502
62504
62529
62537
62549
62556
62570
62623
62627
62642
62656
62673
62695
62730
62732
62758
62777
62804
62815
62829
62830
62835
62843
62921
62933
62943
62949
63015
63016
63036
63047
63089
63131
63137
63162
63182
63202
63261
63269
63275
63278
63311
63318
63323
63327
63343
63344
63353
63356
63363
63375
63390
63413
63457
63492
63524
63528
63535
63546
63578
63612
63683
63697
63778
63822
63830
63832
63867
63884
63906
63914
63946
63957
63963
63983
63987
64022
64034
64048
64056
64070
64091
64096
64099
64115
64128
64142
64144
64166
64172
64198
64202
64205
64222
64283
64302
64311
64360
64365
64370
64376
64391
64394
64397
64401
64411
64433
64440
64446
64468
64505
64513
64529
64543
64644
64650
64697
64752
64758
64762
64777
64784
64800
64862
64864
64881
64909
64913
64966
64988
64998
65010
65012
65027
65086
65095
65105
65126
65154
65160
65162
65175
65177
65187
65192
65193
65214
65222
65226
65238
65243
65244
65246
65247
65294
65307
65312
65342
65359
65422
65423
65463
65470
65474
65484
65508
65509
65548
65557
65564
65571
65603
65630
65641
65686
65687
65704
65748
65756
65781
65782
65786
65802
65805
65835
65861
65863
65882
65888
65896
65922
65925
65933
65941
65962
65981
65995
65997
66012
66025
66037
66047
66048
66072
66112
66126
66130
66153
66157
66176
66210
66224
66255
66278
66281
66286
66299
66424
66458
66466
66467
66514
66517
66518
66526
66537
66552
66588
66589
66594
66643
66667
66688
66690
66704
66717
66725
66739
66756
66759
66762
66775
66798
66800
66802
66818
66837
66844
66847
66849
66856
66866
66878
66885
66906
66932
66983
66992
66996
67002
67020
67044
67088
67113
67192
67199
67207
67219
67238
67247
67248
67258
67263
67264
67327
67369
67398
67406
67418
67429
67436
67442
67453
67464
67473
67482
67506
67531
67542
67546
67551
67568
67575
67582
67599
67632
67706
67725
67773
67786
67802
67806
67818
67822
67835
67881
67897
67927
67952
67974
67978
67991
67999
68036
68056
68108
68173
68211
68248
68259
68291
68311
68339
68352
68356
68368
68369
68387
68400
68448
68457
68474
68481
68487
68495
68527
68544
68568
68585
68591
68597
68605
68617
68626
68679
68684
68741
68742
68743
68763
68776
68780
68788
68793
68871
68884
68891
68918
68923
68965
69003
69007
69022
69024
69038
69075
69097
69108
69147
69168
69174
69213
69264
69273
69288
69307
69314
69323
69326
69337
69359
69371
69375
69389
69391
69489
69502
69514
69523
69542
69551
69584
69589
69593
69618
69651
69682
69691
69693
69697
69705
69710
69743
69749
69762
69777
69783
69813
69828
69859
69862
69871
69879
69912
69918
69920
69925
69940
69956
69970
69981
69997
70015
70018
70023
70028
70043
70051
70089
70134
70142
70149
70209
70213
70241
70249
70251
70258
70287
70298
70342
70374
70397
70398
70416
70419
70494
70507
70514
70518
70526
70553
70581
70600
70613
70652
70671
70705
70724
70743
70772
70776
70798
70813
70814
70912
70938
70950
70972
70975
70985
71029
71040
71043
71066
71085
71089
71095
71096
71110
71184
71223
71228
71234
71245
71249
71273
71297
71308
71316
71322
71343
71348
71363
71365
71387
71438
71441
71454
71456
71464
71485
71502
71522
71567
71587
71605
71606
71624
71651
71655
71673
71729
71777
71785
71799
71806
71831
71847
71850
71866
71888
71922
71923
71926
71934
71963
71981
72029
72074
72081
72085
72114
72118
72119
72123
72128
72136
72142
72146
72154
72165
72181
72200
72202
72251
72316
72332
72344
72409
72443
72458
72473
72480
72503
72544
72566
72603
72611
72649
72650
72658
72716
72719
72720
72757
72779
72782
72800
72822
72860
72862
72872
72901
72917
72930
72946
73022
73025
73043
73045
73060
73065
73066
73070
73087
73129
73160
73234
73245
73291
73354
73400
73425
73427
73434
73454
73458
73473
73479
73491
73608
73633
73657
73687
73713
73736
73756
73772
73802
73828
73848
73860
73880
73902
73931
73952
73961
73981
74062
74078
74087
74176
74315
74319
74330
74331
74360
74376
74404
74416
74447
74460
74461
74558
74568
74587
74672
74683
74727
74738
74769
74770
74794
74797
74799
74845
74856
74861
74870
74882
74907
74932
74966
74986
75020
75037
75058
75063
75070
75080
75104
75109
75150
75161
75164
75202
75233
75255
75345
75366
75372
75381
75391
75445
75458
75461
75475
75528
75591
75627
75636
75653
75655
75657
75697
75701
75753
75762
75782
75783
75801
75840
75878
75888
75906
75959
75975
75983
76021
76030
76055
76074
76089
76096
76112
76127
76146
76218
76219
76242
76315
76316
76331
76362
76398
76420
76421
76430
76460
76479
76494
76546
76581
76625
76662
76674
76702
76717
76842
76867
76876
76882
76889
76891
76966
76967
76984
76988
76995
77002
77014
77025
77049
77055
77102
77136
77139
77195
77208
77219
77227
77239
77251
77259
77281
77301
77311
77348
77353
77403
77410
77459
77462
77463
77485
77489
77512
77533
77562
77576
77601
77613
77638
77653
77657
77663
77672
77681
77704
77733
77749
77760
77762
77776
77796
77816
77846
77864
77937
77940
77968
77983
77989
77997
78018
78045
78051
78070
78080
78125
78147
78201
78219
78269
78286
78311
78355
78359
78361
78430
78453
78482
78504
78520
78543
78546
78570
78576
78579
78584
78639
78666
78675
78680
78740
78742
78760
78797
78849
78851
78905
78910
78932
78937
78956
78963
78969
78976
79000
79002
79075
79110
79114
79152
79191
79192
79194
79233
79242
79291
79299
79305
79336
79353
79356
79363
79397
79439
79444
79452
79488
79491
79513
79525
79531
79539
79540
79587
79669
79687
79694
79698
79705
79780
79790
79795
79844
79872
79917
79944
79945
80009
80036
80048
80088
80105
80128
80161
80178
80195
80208
80226
80239
80258
80277
80280
80302
80370
80395
80401
80404
80444
80457
80497
80516
80528
80534
80540
80552
80565
80570
80597
80617
80652
80670
80729
80732
80741
80742
80762
80794
80848
80855
80867
80869
80899
80906
80977
80981
81031
81052
81055
81078
81080
81133
81134
81159
81163
81169
81181
81184
81187
81189
81208
81223
81282
81291
81302
81317
81318
81342
81402
81421
81424
81468
81471
81535
81553
81560
81564
81615
81620
81622
81630
81631
81650
81659
81660
81669
81695
81706
81714
81749
81758
81826
81835
81836
81839
81847
81863
81879
81906
81956
81959
81971
81983
81997
82008
82011
82015
82026
82032
82051
82056
82074
82081
82085
82127
82157
82181
82196
82247
82267
82311
82365
82366
82408
82413
82434
82446
82475
82523
82548
82550
82554
82579
82597
82640
82673
82678
82703
82704
82735
82737
82773
82781
82823
82839
82850
82866
82901
82903
82909
82925
82928
82936
82950
82952
82978
83001
83003
83081
83087
83095
83142
83151
83205
83223
83225
83253
83264
83306
83308
83352
83378
83420
83434
83440
83465
83480
83505
83518
83520
83546
83568
83572
83586
83587
83590
83606
83612
83641
83648
83651
83714
83746
83747
83769
83787
83837
83886
83937
84003
84005
84032
84037
84045
84050
84057
84071
84083
84086
84092
84101
84120
84194
84201
84245
84252
84255
84276
84290
84325
84338
84340
84365
84381
84421
84459
84476
84477
84486
84518
84536
84547
84551
84553
84575
84595
84606
84614
84637
84647
84658
84723
84736
84757
84758
84764
84790
84806
84810
84819
84830
84850
84862
84923
84929
84935
84966
85024
85051
85053
85098
85101
85102
85116
85152
85154
85163
85166
85180
85212
85215
85250
85258
85261
85285
85300
85320
85333
85338
85339
85361
85366
85379
85433
85470
85542
85570
85579
85586
85591
85646
85659
85679
85710
85715
85730
85739
85799
85806
85813
85875
85887
85890
85906
85949
85969
86009
86015
86061
86108
86130
86200
86225
86236
86299
86303
86307
86357
86383
86400
86408
86414
86429
86434
86450
86461
86489
86492
86526
86535
86552
86573
86592
86608
86623
86627
86628
86641
86648
86652
86676
86680
86692
86694
86717
86722
86727
86735
86771
86817
86838
86843
86883
86933
86972
86973
86993
87000
87021
87023
87037
87038
87051
87082
87095
87113
87148
87170
87204
87205
87212
87214
87228
87233
87245
87255
87272
87281
87306
87322
87328
87341
87354
87364
87370
87373
87385
87401
87425
87426
87430
87466
87491
87532
87538
87539
87578
87667
87668
87672
87682
87700
87717
87730
87786
87799
87812
87866
87876
87920
87962
88014
88070
88093
88095
88096
88104
88126
88154
88194
88211
88216
88225
88226
88237
88269
88311
88317
88356
88371
88374
88377
88379
88383
88392
88393
88432
88436
88517
88520
88564
88568
88597
88615
88616
88641
88653
88654
88676
88697
88709
88731
88732
88744
88781
88783
88798
88800
88843
88860
88861
88862
88870
88906
88939
88956
88958
89014
89016
89025
89028
89046
89106
89108
89138
89145
89177
89227
89268
89270
89284
89291
89308
89340
89364
89383
89401
89434
89440
89561
89569
89594
89597
89646
89685
89704
89716
89738
89748
89752
89777
89802
89809
89812
89838
89855
89902
89907
89909
89939
89957
89983
89993
89998
90018
90020
90025
90049
90078
90093
90134
90153
90163
90165
90174
90177
90187
90211
90223
90227
90231
90311
90313
90314
90315
90338
90408
90465
90486
90579
90582
90599
90616
90620
90626
90629
90632
90655
90663
90680
90690
90723
90736
90744
90764
90775
90782
90805
90824
90864
90870
90927
90942
90951
90960
90976
90982
90988
90996
91013
91084
91098
91112
91117
91122
91138
91144
91162
91196
91212
91232
91236
91238
91258
91261
91273
91275
91310
91326
91339
91344
91345
91373
91405
91435
91447
91452
91458
91466
91468
91472
91482
91485
91521
91579
91597
91604
91629
91673
91683
91741
91757
91789
91802
91812
91816
91828
91830
91857
91864
91878
91882
91911
91929
91944
91955
91969
91990
92004
92030
92037
92056
92059
92071
92079
92082
92086
92107
92117
92149
92151
92153
92183
92194
92236
92241
92254
92265
92295
92306
92316
92326
92426
92431
92478
92494
92512
92517
92527
92540
92565
92577
92594
92602
92603
92610
92664
92675
92681
92731
92746
92770
92815
92886
92896
92942
92943
92967
92972
92979
92990
93014
93026
93032
93042
93051
93061
93069
93070
93081
93085
93095
93101
93121
93130
93136
93169
93197
93201
93202
93255
93258
93292
93330
93363
93370
93397
93434
93449
93457
93465
93472
93478
93491
93494
93509
93544
93589
93598
93599
93608
93639
93641
93773
93805
93808
93826
93837
93845
93879
93886
93899
93915
93945
93951
93990
94005
94010
94021
94028
94045
94047
94062
94063
94073
94084
94115
94131
94132
94134
94146
94171
94190
94195
94199
94209
94251
94283
94304
94307
94332
94341
94352
94377
94382
94387
94389
94404
94462
94464
94467
94479
94481
94517
94529
94551
94626
94665
94677
94689
94690
94694
94700
94736
94751
94785
94815
94833
94845
94848
94857
94860
94880
94883
94918
94927
94929
94933
94952
94967
94976
95011
95016
95017
95061
95071
95080
95128
95172
95196
95219
95221
95224
95244
95262
95277
95294
95315
95325
95348
95350
95359
95383
95393
95418
95422
95431
95432
95457
95462
95537
95544
95548
95562
95609
95625
95633
95644
95706
95710
95731
95737
95739
95747
95749
95757
95783
95793
95800
95812
95833
95835
95845
95851
95865
95886
95914
95987
96026
96032
96052
96059
96079
96087
96150
96192
96247
96256
96269
96279
96325
96355
96359
96379
96389
96425
96431
96458
96479
96489
96506
96545
96548
96585
96619
96638
96647
96698
96713
96787
96806
96841
96858
96859
96882
96884
96899
96920
96923
96934
96938
96957
96977
96996
97072
97102
97130
97146
97156
97167
97189
97201
97234
97262
97276
97281
97288
97296
97301
97318
97320
97350
97353
97375
97378
97380
97384
97400
97447
97453
97460
97482
97500
97512
97545
97548
97554
97555
97556
97557
97574
97579
97588
97612
97675
97700
97710
97714
97741
97820
97842
97843
97873
97880
97883
97913
97920
97926
97930
97942
97947
97970
97973
97987
98019
98074
98076
98135
98136
98159
98182
98196
98217
98294
98339
98358
98369
98380
98381
98385
98387
98418
98427
98437
98440
98465
98524
98553
98582
98593
98622
98632
98634
98639
98661
98664
98667
98681
98684
98692
98743
98752
98756
98766
98773
98813
98817
98843
98863
98892
98919
98920
98921
98927
98947
98964
98978
99059
99094
99098
99110
99211
99225
99248
99276
99283
99338
99345
99361
99374
99383
99387
99407
99415
99424
99490
99499
99506
99519
99520
99521
99522
99586
99614
99615
99626
99654
99678
99702
99704
99708
99737
99779
99792
99803
99815
99836
99849
99864
99887
99947
99958
99977
100022
100031
100032
100088
100154
100158
100162
100188
100202
100237
100267
100285
100288
100291
100331
100349
100355
100370
100401
100436
100448
100464
100477
100479
100486
100488
100527
100555
100600
100606
100615
100647
100669
100719
100741
100755
100761
100763
100781
100834
100851
100885
100908
100929
100934
100955
100984
100999
101001
101026
101108
101132
101152
101162
101180
101181
101190
101197
101206
101274
101275
101301
101346
101384
101389
101395
101412
101415
101417
101430
101476
101480
101489
101491
101530
101538
101541
101543
101563
101573
101598
101627
101630
101650
101665
101808
101813
101836
101855
101870
101892
101897
101900
101926
101932
101938
101958
101965
101974
101986
101992
102047
102049
102052
102058
102078
102082
102091
102097
102117
102131
102153
102174
102175
102213
102251
102296
102298
102328
102371
102385
102431
102433
102469
102483
102511
102544
102583
102599
102612
102627
102646
102649
102679
102704
102712
102715
102794
102801
102818
102836
102841
102849
102873
102885
102887
102890
102903
102911
102926
102980
103039
103057
103058
103062
103144
103148
103161
103248
103256
103262
103281
103293
103329
103332
103388
103431
103454
103456
103492
103495
103509
103513
103514
103517
103539
103548
103569
103574
103613
103617
103623
103641
103685
103687
103696
103731
103801
103804
103829
103889
103904
103905
103939
103940
103951
103963
103964
103978
104037
104055
104058
104099
104118
104225
104254
104255
104295
104298
104311
104317
104343
104365
104379
104393
104396
104434
104472
104483
104492
104532
104536
104540
104554
104557
104558
104572
104574
104579
104596
104601
104610
104616
104678
104733
104750
104752
104818
104821
104830
104860
104867
104872
104895
104924
104935
104963
104986
104987
104989
105008
105032
105041
105052
105115
105122
105139
105142
105143
105146
105185
105207
105209
105237
105239
105248
105261
105268
105272
105307
105319
105351
105373
105413
105421
105460
105545
105555
105572
105591
105592
105622
105753
105767
105768
105774
105794
105796
105798
105831
105858
105859
105864
105897
105950
105979
105983
105986
105995
106008
106042
106047
106059
106061
106080
106087
106105
106146
106176
106200
106247
106256
106259
106275
106291
106322
106325
106339
106343
106370
106374
106376
106378
106381
106438
106449
106487
106496
106524
106561
106575
106593
106614
106617
106634
106645
106646
106649
106672
106681
106693
106712
106732
106737
106768
106807
106821
106852
106861
106866
106880
106890
106916
106924
106947
107009
107029
107043
107049
107072
107081
107082
107085
107096
107099
107107
107131
107155
107170
107188
107189
107218
107253
107254
107277
107282
107283
107325
107353
107355
107368
107434
107448
107454
107485
107491
107494
107500
107512
107522
107527
107541
107572
107625
107632
107651
107655
107665
107670
107689
107701
107704
107712
107716
107717
107720
107728
107733
107785
107802
107823
107895
107940
107943
107994
108012
108040
108081
108085
108105
108158
108160
108169
108175
108197
108215
108296
108300
108335
108374
108379
108385
108394
108432
108445
108450
108493
108518
108530
108542
108545
108560
108586
108589
108633
108649
108695
108716
108721
108724
108725
108730
108734
108746
108748
108755
108766
108792
108799
108811
108864
108896
108898
108914
108918
108932
108936
108947
108948
108956
108966
108997
109027
109041
109042
109046
109051
109054
109115
109127
109132
109155
109158
109167
109223
109256
109278
109279
109280
109283
109289
109298
109302
109337
109339
109349
109398
109400
109445
109513
109555
109560
109605
109617
109642
109665
109676
109750
109768
109803
109817
109829
109834
109838
109885
109934
109938
109941
110011
110012
110015
110017
110101
110104
110141
110156
110160
110171
110195
110206
110209
110241
110268
110271
110301
110306
110327
110330
110366
110378
110414
110427
110432
110473
110503
110551
110564
110588
110596
110603
110638
110645
110664
110678
110680
110698
110706
110735
110745
110760
110851
110865
110877
110886
110960
111102
111118
111128
111174
111190
111195
111205
111206
111222
111243
111273
111311
111312
111314
111323
111335
111345
111353
111356
111406
111407
111451
111457
111458
111483
111485
111488
111501
111517
111527
111552
111571
111588
111601
111610
111618
111620
111650
111664
111670
111712
111719
111731
111741
111746
111770
111773
111781
111784
111787
111798
111804
111809
111815
111859
111870
111880
111886
111935
111947
111958
111962
111990
112026
112027
112048
112063
112070
112071
112080
112125
112147
112175
112206
112220
112234
112276
112325
112356
112399
112415
112416
112418
112424
112434
112501
112517
112525
112540
112561
112621
112626
112631
112632
112636
112637
112646
112685
112690
112706
112707
112739
112751
112753
112778
112780
112782
112793
112815
112827
112897
112906
112913
112926
112936
112972
112980
112985
112990
113009
113011
113027
113049
113152
113172
113202
113260
113267
113278
113325
113335
113356
113366
113367
113391
113400
113410
113413
113414
113450
113458
113479
113486
113501
113508
113526
113540
113543
113547
113550
113569
113583
113593
113655
113671
113681
113682
113687
113693
113709
113724
113749
113800
113826
113828
113836
113840
113844
113858
113918
113923
113941
113957
113992
114001
114031
114069
114077
114082
114089
114142
114160
114226
114239
114288
114312
114332
114336
114339
114369
114398
114425
114434
114446
114486
114531
114536
114557
114561
114565
114575
114666
114677
114691
114736
114742
114748
114756
114759
114764
114797
114821
114825
114831
114848
114866
114886
114899
114930
114952
114963
114980
114983
115001
115018
115118
115130
115199
115210
115276
115284
115310
115315
115316
115356
115374
115377
115383
115393
115421
115440
115448
115452
115480
115485
115488
115633
115634
115656
115668
115701
115731
115734
115737
115750
115760
115795
115803
115823
115830
115835
115861
115870
115876
115882
115897
115912
115915
115922
115933
115943
115956
115961
115977
116015
116062
116108
116113
116142
116146
116152
116168
116169
116183
116191
116298
116318
116321
116328
116330
116341
116370
116376
116384
116385
116398
116402
116438
116460
116494
116498
116503
116509
116537
116566
116608
116638
116647
116657
116658
116676
116685
116686
116753
116794
116797
116826
116881
116902
116908
116910
116933
116952
116979
116993
117085
117096
117152
117177
117203
117239
117255
117305
117310
117337
117346
117349
117381
117426
117431
117472
117477
117499
117509
117513
117539
117563
117609
117614
117635
117638
117643
117656
117661
117669
117709
117712
117726
117761
117778
117801
117809
117817
117819
117902
117967
117982
117997
118011
118049
118065
118066
118070
118086
118089
118091
118112
118158
118166
118167
118203
118257
118295
118335
118372
118379
118386
118416
118467
118485
118507
118543
118558
118560
118580
118600
118641
118683
118728
118746
118758
118763
118776
118778
118781
118785
118824
118841
118871
118939
119001
119019
119024
119043
119075
119108
119110
119113
119122
119140
119141
119165
119178
119208
119231
119245
119274
119278
119309
119327
119402
119447
119497
119556
119572
119574
119590
119653
119664
119689
119691
119695
119737
119797
119810
119819
119843
119848
119850
119864
119894
119908
119920
119933
119955
119960
119989
119994
120004
120035
120055
120069
120079
120092
120122
120124
120125
120144
120206
120217
120218
120264
120272
120278
120309
120428
120432
120440
120490
120508
120524
120556
120568
120691
120764
120780
120792
120797
120815
120821
120876
120882
120908
120909
120936
120954
120958
120982
120997
121030
121034
121063
121066
121095
121117
121126
121203
121224
121237
121243
121272
121293
121313
121325
121343
121355
121378
121413
121474
121505
121507
121519
121521
121551
121593
121611
121625
121650
121679
121685
121693
121726
121804
121823
121833
121838
121846
121854
121894
121906
121908
121922
121923
121930
121942
121947
122044
122062
122064
122075
122076
122091
122142
122150
122173
122179
122187
122218
122231
122241
122293
122298
122342
122428
122452
122459
122473
122521
122537
122554
122591
122599
122602
122666
122668
122677
122693
122711
122719
122744
122753
122761
122778
122800
122811
122815
122822
122846
122850
122918
122927
122954
122957
122973
122982
122989
122999
123010
123020
123210
123212
123266
123288
123292
123298
123325
123329
123333
123362
123375
123400
123405
123416
123428
123438
123463
123477
123603
123607
123609
123613
123632
123654
123658
123664
123667
123678
123732
123742
123790
123791
123811
123831
123834
123836
123854
123860
123869
123880
123911
123939
123946
123968
123974
123999
124041
124091
124103
124110
124130
124134
124153
124170
124173
124175
124177
124193
124207
124216
124217
124223
124251
124270
124290
124310
124351
124358
124360
124363
124378
124414
124424
124436
124445
124459
124469
124480
124528
124556
124559
124563
124592
124631
124640
124648
124689
124701
124711
124716
124725
124743
124804
124829
124848
124860
124900
124917
124932
124971
124975
124993
125014
125033
125034
125046
125054
125083
125167
125170
125171
125175
125216
125222
125232
125263
125282
125285
125292
125303
125305
125333
125411
125446
125459
125468
125470
125493
125525
125538
125563
125572
125578
125590
125593
125603
125627
125633
125637
125640
125688
125699
125715
125749
125771
125786
125792
125802
125823
125832
125845
125849
125930
125948
125963
125965
125967
125995
126011
126045
126052
126053
126058
126072
126100
126108
126119
126124
126135
126140
126153
126175
126198
126214
126226
126248
126279
126288
126357
126388
126397
126400
126409
126441
126454
126473
126498
126531
126541
126566
126585
126622
126647
126661
126685
126691
126718
126721
126770
126792
126799
126815
126820
126822
126844
126857
126860
126933
126970
126991
126995
127003
127005
127088
127119
127124
127144
127146
127162
127164
127202
127256
127271
127286
127317
127328
127340
127370
127430
127454
127489
127510
127523
127532
127534
127540
127547
127615
127656
127704
127744
127761
127804
127809
127812
127818
127832
127847
127869
127927
127941
127951
127965
127969
127993
127994
128009
128040
128086
128093
128101
128102
128130
128135
128143
128154
128179
128189
128230
128251
128261
128268
128299
128328
128353
128364
128373
128378
128384
128387
128407
128409
128410
128482
128484
128485
128513
128514
128551
128555
128558
128591
128594
128597
128614
128623
128630
128655
128665
128667
128678
128684
128687
128704
128725
128756
128782
128795
128806
128819
128832
128874
128891
128914
128916
129020
129038
129047
129062
129125
129134
129144
129154
129164
129167
129169
129170
129187
129260
129269
129289
129310
129312
129322
129361
129369
129389
129395
129419
129444
129451
129453
129468
129473
129502
129507
129514
129519
129524
129527
129552
129567
129585
129589
129591
129593
129608
129625
129629
129635
129636
129640
129648
129649
129678
129687
129692
129696
129726
129753
129779
129803
129808
129826
129833
129836
129846
129853
129916
129930
129952
129968
129977
129978
129982
129999
130010
130022
130072
130078
130093
130094
130153
130181
130183
130197
130204
130205
130216
130222
130356
130389
130401
130444
130467
130500
130513
130521
130525
130549
130594
130625
130644
130647
130649
130692
130721
130722
130739
130747
130751
130756
130773
130777
130779
130808
130817
130819
130820
130827
130833
130843
130872
130937
130938
130950
130960
130968
130979
130980
131007
131012
131014
131023
131043
131048
131051
131060
131089
131094
131097
131115
131119
131140
131141
131164
131168
131244
131268
131302
131312
131381
131389
131422
131475
131484
131495
131501
131530
131532
131535
131549
131555
131565
131572
131638
131663
131672
131685
131714
131747
131764
131773
131783
131854
131856
131872
131879
131889
131893
131895
131904
131943
131957
131971
131980
131991
132019
132025
132031
132074
132080
132093
132119
132140
132164
132172
132175
132182
132185
132193
132195
132268
132308
132354
132367
132396
132408
132438
132472
132506
132510
132564
132580
132583
132644
132648
132677
132678
132733
132764
132849
132939
132946
132983
133007
133041
133057
133064
133069
133115
133135
133142
133147
133156
133166
133185
133191
133212
133234
133258
133328
133370
133414
133431
133434
133438
133444
133467
133487
133497
133508
133591
133613
133622
133632
133651
133664
133673
133676
133689
133723
133742
133754
133783
133789
133797
133817
133824
133841
133851
133864
133879
133894
133906
133943
133969
133984
133988
133994
133997
133998
134000
134012
134021
134040
134086
134096
134109
134134
134149
134160
134172
134180
134184
134220
134238
134257
134363
134367
134378
134411
134484
134488
134491
134515
134526
134559
134576
134592
134618
134622
134649
134661
134665
134684
134687
134723
134725
134737
134752
134777
134875
134891
134933
134936
134949
134987
135056
135076
135084
135098
135105
135112
135115
135125
135126
135130
135162
135173
135183
135188
135201
135242
135258
135273
135279
135311
135321
135356
135364
135371
135381
135420
135439
135443
135445
135459
135475
135502
135507
135516
135520
135601
135616
135634
135637
135644
135648
135665
135676
135693
135708
135714
135739
135740
135748
135754
135787
135788
135790
135815
135822
135823
135855
135861
135864
135874
135883
135886
135922
135933
135962
136008
136025
136090
136097
136111
136121
136129
136135
136140
136217
136235
136269
136288
136293
136327
136354
136367
136399
136426
136427
136429
136458
136577
136593
136595
136639
136648
136658
136691
136706
136732
136769
136770
136822
136880
136886
136996
137012
137049
137051
137063
137088
137099
137121
137132
137134
137180
137197
137201
137206
137210
137287
137299
137300
137312
137319
137353
137378
137379
137407
137409
137429
137433
137459
137461
137470
137475
137485
137492
137493
137506
137532
137564
137568
137591
137594
137603
137630
137658
137660
137667
137668
137677
137680
137732
137766
137781
137829
137841
137843
137848
137852
137867
137868
137892
137919
137928
137959
137965
137968
137973
137980
137981
137993
138049
138067
138141
138148
138156
138162
138199
138207
138230
138231
138240
138261
138268
138272
138297
138307
138310
138311
138317
138320
138323
138328
138338
138349
138351
138381
138397
138425
138472
138487
138621
138667
138742
138749
138768
138772
138777
138786
138787
138820
138821
138842
138876
138900
138923
138928
138935
138936
138937
138940
138951
138979
139072
139083
139105
139123
139144
139161
139200
139203
139251
139264
139271
139275
139296
139314
139317
139320
139340
139369
139375
139392
139437
139463
139482
139514
139533
139541
139551
139554
139559
139575
139604
139607
139655
139671
139674
139697
139700
139722
139733
139740
139765
139806
139840
139843
139900
139954
139992
140024
140042
140067
140069
140072
140080
140087
140090
140097
140111
140115
140133
140167
140173
140200
140204
140239
140245
140286
140302
140323
140338
140355
140376
140414
140426
140442
140518
140520
140535
140541
140543
140576
140599
140630
140635
140641
140673
140690
140711
140716
140731
140755
140776
140816
140820
140823
140856
140857
140859
140870
140899
140901
140910
140912
140925
140930
140980
141006
141008
141012
141029
141048
141063
141073
141075
141086
141099
141168
141169
141200
141205
141265
141320
141323
141338
141387
141398
141418
141434
141447
141453
141482
141537
141538
141555
141600
141606
141628
141634
141638
141647
141670
141674
141682
141692
141726
141776
141793
141803
141807
141809
141845
141854
141860
141903
141912
141951
142011
142073
142122
142133
142153
142156
142169
142174
142175
142182
142198
142213
142253
142284
142287
142300
142322
142328
142343
142353
142355
142383
142404
142421
142458
142460
142467
142478
142480
142488
142525
142542
142545
142684
142735
142742
142746
142755
142778
142783
142802
142810
142811
142815
142824
142864
142884
142888
142896
142899
142901
142976
143000
143010
143031
143032
143046
143061
143092
143112
143138
143168
143201
143221
143234
143238
143245
143246
143248
143271
143278
143319
143325
143348
143398
143413
143424
143427
143436
143444
143446
143452
143503
143514
143517
143564
143584
143590
143633
143650
143654
143660
143692
143695
143739
143761
143771
143840
143887
143892
143893
143905
143907
143925
143969
143971
143989
144026
144033
144042
144049
144072
144085
144122
144147
144175
144196
144212
144215
144275
144291
144305
144341
144346
144384
144393
144431
144436
144447
144451
144453
144456
144459
144471
144537
144541
144555
144565
144586
144594
144657
144662
144663
144668
144686
144708
144709
144730
144741
144777
144781
144786
144805
144824
144843
144883
144893
144920
144973
144990
145024
145027
145064
145071
145082
145083
145092
145109
145123
145139
145153
145155
145174
145187
145195
145207
145217
145221
145234
145248
145254
145255
145263
145278
145298
145333
145371
145376
145384
145423
145435
145438
145447
145457
145477
145507
145554
145561
145568
145599
145606
145626
145646
145649
145653
145675
145682
145727
145730
145735
145781
145783
145794
145798
145808
145810
145846
145867
145868
145896
145929
145940
145943
145944
145948
145969
145973
146011
146018
146020
146075
146131
146148
146201
146202
146225
146235
146244
146249
146296
146297
146317
146324
146349
146363
146376
146410
146421
146426
146434
146443
146449
146450
146475
146482
146493
146505
146520
146533
146560
146592
146595
146603
146623
146650
146657
146664
146707
146711
146732
146733
146736
146745
146746
146766
146786
146792
146800
146814
146825
146839
146842
146864
146870
146882
146885
146943
146946
146970
146989
146995
147012
147022
147025
147060
147062
147070
147072
147074
147076
147097
147100
147204
147205
147229
147248
147272
147300
147359
147382
147389
147402
147422
147443
147464
147478
147552
147569
147575
147577
147584
147589
147590
147594
147645
147651
147676
147703
147719
147736
147746
147811
147814
147847
147850
147876
147903
147908
147922
147926
147942
147992
148007
148024
148033
148039
148042
148052
148061
148074
148106
148108
148132
148147
148154
148159
148162
148174
148190
148207
148218
148222
148228
148246
148253
148282
148300
148307
148313
148320
148329
148337
148377
148378
148398
148413
148416
148443
148460
148469
148476
148483
148517
148572
148573
148603
148611
148628
148644
148666
148683
148689
148699
148721
148725
148727
148732
148755
148773
148798
148801
148893
148916
148933
148946
148973
148994
149026
149042
149051
149056
149061
149079
149096
149115
149142
149157
149178
149188
149202
149375
149378
149449
149462
149471
149472
149479
149491
149508
149531
149534
149536
149548
149556
149561
149573
149590
149598
149606
149608
149630
149637
149651
149680
149714
149716
149746
149784
149788
149797
149841
149858
149907
149925
149930
149946
149963
149969
149970
149979
150025
150036
150126
150129
150131
150168
150243
150289
150296
150303
150308
150343
150370
150371
150393
150405
150407
150421
150455
150456
150469
150487
150514
150519
150584
150613
150632
150641
150647
150648
150698
150746
150760
150799
150833
150861
150877
150882
150890
150904
150928
150939
151006
151010
151019
151036
151096
151098
151181
151216
151217
151220
151222
151227
151276
151359
151367
151372
151415
151429
151448
151461
151464
151466
151472
151501
151577
151600
151608
151657
151664
151669
151676
151707
151749
151763
151783
151791
151819
151855
151870
151879
151959
151961
151984
151999
152006
152022
152054
152153
152159
152164
152171
152232
152233
152234
152237
152244
152256
152274
152324
152330
152347
152353
152360
152386
152395
152463
152491
152526
152562
152593
152605
152609
152646
152647
152648
152660
152694
152704
152748
152750
152753
152755
152758
152765
152791
152817
152827
152847
152850
152879
152881
152906
152917
152930
153020
153088
153118
153126
153129
153152
153166
153167
153192
153197
153205
153247
153279
153297
153305
153373
153374
153381
153394
153396
153405
153423
153424
153440
153444
153473
153482
153516
153528
153547
153567
153625
153626
153639
153706
153737
153750
153761
153787
153794
153843
153872
153878
153888
153895
153900
153929
153965
153966
153991
154005
154053
154057
154058
154059
154075
154091
154135
154147
154161
154163
154206
154208
154215
154255
154285
154314
154328
154358
154381
154443
154451
154470
154482
154590
154595
154605
154633
154634
154654
154688
154742
154770
154776
154801
154811
154814
154824
154830
154836
154844
154887
154905
154920
154938
154992
154995
155036
155046
155051
155055
155070
155103
155165
155181
155186
155231
155233
155244
155266
155279
155303
155304
155333
155347
155375
155453
155461
155521
155526
155543
155588
155601
155620
155622
155628
155633
155639
155652
155657
155660
155685
155690
155701
155712
155717
155728
155788
155809
155810
155816
155850
155855
155912
155913
155920
155922
155958
155960
155969
155983
155999
156040
156057
156073
156150
156203
156227
156260
156304
156306
156349
156410
156420
156425
156447
156449
156468
156513
156518
156528
156530
156548
156559
156575
156609
156634
156658
156674
156693
156696
156701
156745
156779
156790
156804
156827
156831
156834
156836
156853
156855
156860
156861
156887
156900
156904
156939
156968
156969
156980
157019
157075
157107
157108
157199
157204
157209
157224
157248
157255
157264
157303
157340
157390
157392
157400
157438
157475
157478
157508
157525
157528
157539
157565
157580
157589
157639
157645
157663
157674
157684
157687
157702
157727
157744
157777
157788
157792
157795
157802
157804
157831
157848
157868
157891
157908
157926
157937
157955
157994
158003
158028
158049
158118
158127
158141
158193
158196
158204
158206
158212
158225
158237
158249
158274
158294
158319
158323
158333
158398
158446
158452
158493
158503
158514
158551
158572
158573
158584
158600
158609
158664
158667
158676
158682
158691
158735
158742
158751
158810
158811
158826
158867
158894
158921
158934
158972
158986
158993
159031
159068
159072
159078
159083
159091
159095
159096
159118
159133
159147
159158
159163
159188
159196
159214
159225
159246
159252
159275
159307
159332
159338
159373
159376
159421
159450
159453
159463
159468
159480
159483
159530
159540
159547
159555
159556
159561
159593
159594
159600
159642
159677
159699
159717
159728
159742
159765
159811
159873
159878
159902
159949
159961
159963
159975
159977
160003
160007
160025
160027
160038
160045
160090
160094
160122
160140
160141
160184
160266
160299
160320
160347
160359
160362
160376
160386
160398
160407
160414
160424
160430
160438
160513
160531
160552
160558
160570
160645
160668
160722
160776
160789
160811
160823
160847
160851
160853
160873
160905
160911
160930
160961
161014
161015
161017
161019
161076
161104
161107
161108
161128
161146
161185
161191
161200
161229
161240
161242
161253
161263
161267
161278
161280
161352
161360
161374
161380
161400
161427
161454
161477
161541
161550
161594
161598
161612
161655
161659
161676
161678
161711
161723
161752
161755
161774
161780
161784
161785
161788
161824
161835
161922
161944
161956
161960
161962
161974
161995
161997
162003
162005
162006
162019
162032
162040
162053
162105
162124
162161
162170
162191
162200
162229
162263
162272
162277
162290
162308
162320
162321
162326
162338
162340
162378
162381
162382
162398
162499
162504
162510
162564
162584
162601
162624
162633
162634
162680
162706
162722
162766
162767
162774
162783
162792
162800
162804
162849
162875
162890
162927
162939
162941
162945
162961
162974
162978
163054
163098
163136
163143
163150
163199
163204
163207
163208
163219
163231
163243
163247
163248
163249
163262
163272
163277
163282
163288
163291
163299
163334
163340
163342
163368
163396
163430
163435
163445
163450
163507
163525
163528
163529
163535
163580
163602
163620
163637
163685
163696
163729
163751
163796
163808
163827
163870
163876
163883
163914
163925
163927
163957
163969
163975
163981
164005
164019
164028
164093
164104
164125
164126
164146
164150
164163
164168
164179
164185
164204
164240
164242
164248
164253
164273
164279
164314
164336
164350
164352
164353
164375
164411
164421
164422
164423
164453
164474
164476
164482
164508
164519
164520
164551
164583
164603
164618
164625
164642
164656
164666
164705
164734
164742
164808
164853
164861
164863
164869
164875
164923
164938
164971
165030
165111
165122
165134
165161
165203
165205
165217
165219
165240
165254
165258
165270
165272
165288
165295
165304
165347
165357
165375
165423
165424
165433
165475
165489
165496
165498
165544
165562
165571
165578
165583
165596
165625
165632
165650
165666
165672
165677
165690
165704
165710
165718
165727
165751
165776
165798
165824
165827
165828
165837
165862
165869
165883
165920
165935
165969
165990
166000
166021
166090
166112
166120
166148
166174
166178
166181
166182
166184
166201
166217
166223
166224
166226
166247
166285
166287
166290
166304
166309
166318
166319
166339
166343
166359
166386
166440
166455
166460
166506
166518
166552
166559
166570
166575
166594
166645
166681
166709
166717
166718
166754
166772
166776
166791
166809
166853
166864
166925
166930
166962
166970
166986
167019
167075
167084
167091
167092
167124
167152
167180
167192
167197
167198
167217
167218
167233
167243
167250
167261
167285
167286
167299
167329
167336
167366
167396
167402
167420
167425
167476
167513
167515
167526
167530
167546
167553
167565
167597
167682
167707
167730
167763
167773
167781
167804
167813
167861
167887
167889
167891
167893
167913
167929
167953
167959
167982
167988
168001
168021
168028
168034
168046
168047
168056
168065
168066
168067
168069
168167
168171
168180
168184
168214
168240
168245
168258
168274
168339
168353
168354
168369
168382
168431
168457
168485
168519
168551
168558
168606
168622
168626
168660
168699
168702
168712
168728
168772
168774
168782
168813
168827
168834
168840
168846
168851
168885
168888
168892
168911
168913
168923
168956
168967
168981
169014
169040
169056
169070
169080
169094
169123
169132
169152
169157
169160
169167
169227
169266
169282
169312
169319
169371
169379
169393
169394
169418
169425
169463
169470
169520
169540
169545
169561
169563
169579
169604
169605
169622
169681
169697
169705
169719
169728
169737
169774
169779
169781
169789
169796
169812
169813
169840
169905
169907
169912
169926
169935
169947
169979
170003
170060
170081
170112
170129
170175
170178
170202
170205
170206
170246
170248
170268
170270
170285
170314
170320
170396
170399
170401
170427
170434
170444
170450
170477
170487
170495
170498
170529
170534
170541
170552
170572
170581
170588
170603
170627
170684
170693
170697
170705
170710
170762
170782
170848
170857
170937
170948
170964
170999
171025
171047
171056
171102
171116
171119
171183
171207
171328
171338
171420
171423
171434
171456
171474
171488
171527
171620
171639
171644
171669
171678
171683
171688
171690
171709
171726
171738
171762
171777
171801
171802
171827
171829
171842
171864
171868
171935
171940
171975
171988
171991
172001
172034
172083
172098
172116
172120
172124
172156
172157
172166
172171
172181
172204
172213
172218
172231
172236
172250
172258
172261
172296
172317
172344
172392
172411
172420
172448
172510
172534
172543
172555
172571
172578
172598
172606
172641
172646
172666
172700
172701
172709
172718
172725
172733
172735
172751
172787
172800
172846
172886
172890
172921
172946
172957
172959
172969
172970
173017
173032
173045
173071
173074
173112
173126
173173
173195
173218
173232
173257
173261
173264
173269
173270
173290
173319
173333
173375
173379
173411
173555
173563
173590
173617
173632
173639
173645
173679
173685
173709
173736
173740
173770
173776
173800
173801
173803
173814
173826
173835
173838
173839
173955
173958
174025
174040
174054
174058
174143
174154
174184
174251
174254
174311
174331
174333
174337
174351
174387
174392
174421
174441
174445
174456
174465
174472
174473
174478
174494
174554
174555
174568
174584
174602
174605
174606
174696
174702
174711
174747
174793
174794
174799
174800
174850
174933
174959
175042
175061
175090
175105
175106
175115
175137
175150
175179
175191
175213
175256
175267
175291
175294
175315
175324
175328
175349
175362
175368
175371
175387
175397
175436
175440
175443
175450
175463
175468
175474
175476
175486
175519
175549
175633
175639
175648
175650
175653
175690
175742
175759
175777
175793
175794
175805
175812
175833
175855
175865
175866
175876
175917
175922
175936
175945
175951
175952
175953
175969
175982
175987
175991
176017
176045
176081
176098
176104
176142
176181
176184
176185
176215
176226
176240
176241
176248
176274
176327
176346
176348
176384
176401
176402
176403
176404
176426
176432
176492
176512
176530
176533
176550
176573
176622
176649
176738
176740
176743
176752
176760
176774
176787
176792
176800
176812
176832
176854
176860
176881
176890
176898
176926
176941
176995
177062
177069
177075
177079
177082
177138
177149
177180
177183
177195
177205
177214
177222
177223
177237
177248
177255
177293
177303
177315
177321
177348
177377
177392
177403
177417
177449
177468
177479
177491
177507
177536
177548
177567
177574
177589
177626
177632
177636
177665
177678
177705
177707
177723
177732
177756
177761
177763
177777
177778
177781
177784
177833
177851
177858
177870
177903
177947
177972
177973
177990
177999
178034
178048
178069
178082
178102
178113
178134
178167
178185
178219
178223
178246
178260
178279
178286
178299
178360
178385
178407
178462
178467
178498
178514
178524
178566
178585
178588
178604
178615
178684
178687
178689
178696
178705
178750
178764
178806
178816
178822
178826
178836
178838
178840
178855
178887
178908
178914
178936
178960
179025
179027
179054
179112
179121
179123
179137
179142
179146
179178
179181
179209
179259
179318
179324
179337
179338
179346
179360
179373
179374
179379
179399
179444
179450
179462
179465
179478
179506
179523
179562
179621
179633
179652
179659
179671
179707
179708
179752
179775
179790
179805
179810
179854
179953
179997
180000
180008
180027
180054
180090
180112
180176
180186
180191
180277
180281
180291
180316
180323
180327
180341
180345
180358
180359
180383
180396
180401
180429
180432
180435
180453
180500
180527
180530
180535
180539
180570
180574
180579
180584
180605
180615
180620
180628
180636
180665
180681
180684
180702
180739
180757
180788
180818
180845
180848
180855
180878
180891
180894
180922
180934
180946
180969
181010
181034
181049
181109
181115
181123
181129
181156
181160
181171
181196
181206
181228
181249
181270
181280
181289
181292
181350
181375
181436
181453
181477
181501
181509
181519
181526
181528
181540
181553
181554
181587
181593
181595
181597
181635
181663
181669
181722
181764
181834
181846
181856
181862
181912
181938
181951
182013
182016
182033
182047
182048
182050
182054
182073
182088
182092
182142
182164
182168
182170
182203
182211
182212
182238
182240
182253
182258
182272
182289
182313
182318
182321
182339
182371
182380
182394
182398
182425
182426
182428
182448
182453
182539
182560
182561
182586
182593
182596
182655
182672
182699
182706
182714
182731
182777
182799
182807
182834
182836
182839
182935
183006
183027
183032
183047
183050
183056
183078
183095
183192
183221
183226
183243
183253
183282
183311
183330
183366
183378
183380
183387
183391
183406
183407
183460
183483
183505
183506
183599
183613
183649
183676
183677
183694
183723
183786
183805
183836
