435
584
644
656
800
1571
1758
1768
2493
3129
3199
3496
3862
3891
3969
4639
4775
5656
5708
6285
6485
6595
6957
7127
7456
7510
7743
7803
8205
8309
8495
8746
8935
9045
9615
9708
9981
10058
10263
10632
10735
10775
10781
11116
11212
11222
11723
12327
12369
12445
12451
13219
13503
13676
13694
13826
14816
15427
15459
15799
15876
15994
16016
16393
16664
16946
16994
17112
17276
17515
17909
17952
18029
18130
18261
18293
18347
18419
18733
18946
18967
19108
19443
21331
21452
21453
21846
21953
22255
22320
22418
22496
22588
22868
23324
23599
24691
24736
24858
25262
25463
25933
26069
26103
26902
27211
27378
27703
27735
27973
28170
28405
28990
29081
30035
30079
30112
30225
30762
31174
31346
31586
31600
31668
32161
32201
32569
32710
33118
33595
33707
33893
34113
34224
34307
34496
34524
34933
35277
35377
35450
35497
35531
36202
36372
36465
36487
36954
37005
37275
37388
37956
38519
38592
38674
39242
39546
39625
39637
39901
39928
40072
40087
40121
40142
40327
40583
40589
40736
41410
41437
41637
42196
42198
43060
43125
43949
44035
44106
44188
44202
44418
45040
45286
45614
46344
46608
46621
46807
47049
47314
47423
47607
48391
48630
48726
48956
49309
49524
49712
49786
49820
50309
50476
50494
50506
50870
50910
50994
51217
51575
51919
52161
52216
52226
52381
52392
52571
52637
52819
53374
54158
54748
54928
55057
55432
55607
55794
55886
56189
56227
56478
56507
56590
57139
57632
57834
58181
58199
58610
58782
59007
59035
59445
59513
59584
59720
60282
60496
60698
60873
61687
61899
62057
62071
62138
62436
62916
63203
63727
63880
63937
64400
64597
64955
64976
64982
65174
65359
65677
66001
66187
67202
67229
67405
67464
67467
68626
68984
69072
69180
69600
70027
70548
70815
71764
72127
72146
72424
72655
72678
73114
73403
73649
74097
74196
74507
75222
75968
76011
76012
76659
76745
76900
76965
77444
77623
77711
78247
78545
78794
78829
78972
79383
79784
79934
80036
80431
80628
81026
81295
81311
81560
82864
82951
83021
83204
83774
83779
84174
84488
84659
84896
84984
85532
85937
86002
86040
86155
86174
86515
87126
87607
87776
88204
88274
88921
88992
89102
89497
89837
89906
90557
90894
90922
91362
91548
91698
91703
91836
92246
92803
92938
93405
93776
93900
94178
94906
95013
95881
96034
96116
96227
96345
96405
96504
96541
96740
97845
98329
98512
98520
98739
98930
98947
98976
99109
100036
100070
100150
100263
100719
100731
101261
101287
101990
102087
102696
102793
103172
103406
103440
103646
103808
105465
105627
105733
105858
105912
106023
106384
106835
107026
107071
107135
107308
108271
108724
108856
109901
110250
110294
110618
110713
110720
110979
111089
111148
111405
111643
111995
112250
112298
113224
113565
113621
113899
113919
114024
114513
114716
115068
115414
115481
115720
116021
116253
116486
116852
116915
117483
117863
117989
118203
118626
119031
119105
119107
119724
119807
120039
120044
120121
120635
120815
120868
121045
121126
121334
121791
122258
122481
122923
122963
123455
123594
123722
124020
124347
124513
124795
124935
125104
125425
126514
127706
127730
127774
128193
128679
128904
129235
129963
130380
130399
130828
130996
131340
131514
131783
132425
132506
132627
132732
132746
132943
133120
133124
133159
133335
133431
133559
133649
133810
134063
134100
134258
134291
134457
134833
135019
135090
135165
135693
136035
137304
137346
137573
137604
138021
138064
138112
138226
138242
138262
138511
138665
138888
139868
140155
140315
140636
140784
141042
141150
141262
141269
141559
141776
141830
143633
143689
144003
144190
144543
144718
144977
145048
145568
145825
146041
146074
146104
146219
146669
146837
147071
147146
147608
147672
148144
148279
148290
149287
149467
149540
149778
149861
150188
150256
150522
150824
150920
150999
152131
152845
153068
153081
153139
153153
153445
154099
154326
154717
154752
154810
155232
155373
155451
155819
156128
156860
157017
157105
157326
158743
158762
158765
158970
159401
159725
160471
160796
161259
161269
161318
161365
161702
162744
163030
163086
163109
163119
163255
163330
163771
164370
164406
164761
165050
165802
165911
166336
166448
166737
166872
166961
166964
167323
167515
167673
168087
168142
168444
169045
169126
170168
170447
170498
170611
170706
171112
171202
171607
171902
172103
172255
172930
173316
173338
173355
173406
173455
173793
173817
173958
174019
174036
174879
174938
175024
175398
175434
175463
175547
175548
175947
176091
176484
176495
176586
177200
177872
178062
178147
178423
178745
178994
179080
179828
180113
180413
180534
180609
180641
180651
180860
181049
181553
181642
181754
181854
182641
183423
183569
183588
183594
183624
183701
183785
183961
184092
184150
184475
185333
185761
186239
186441
186538
186640
186759
186845
187142
187187
187476
187570
188382
188460
189196
189519
190747
190826
190915
190973
191011
191093
191417
192173
192263
192365
192571
193012
193060
193421
193551
194157
194246
194351
195015
195039
195283
195555
195720
196155
196198
196219
197014
197089
197990
198016
198355
198496
198811
199052
199224
199283
199654
199767
199910
199972
200232
200242
200470
200559
201814
201871
201969
202328
202894
203129
203442
203541
203672
203727
203885
204105
204929
205093
205279
205575
205679
206321
206477
206937
207632
208539
208604
208798
209021
209041
209069
209114
209123
209160
209418
209434
209503
210014
210411
210618
211473
211533
211585
211681
211924
212151
212324
212492
212501
212602
213052
213438
213546
213671
213698
213979
214238
214241
214551
214680
215515
215538
216476
216830
216853
217234
217283
217341
217521
217629
217694
217830
218037
218276
218446
218609
219484
219920
219996
220006
220029
220265
220321
220636
221000
221053
221157
221372
221418
221427
221455
221596
221691
222033
222071
222095
222315
222354
222366
222429
222698
222746
223152
223240
224190
224846
226112
226259
226476
226484
226642
227398
227962
228305
228538
228785
228998
229044
229154
229261
229308
229839
229896
230719
230783
231259
231803
231809
232086
233225
233444
233849
233983
234744
235202
235745
235767
235928
236309
236983
237090
237648
237941
238315
238535
238774
238872
238895
239018
240125
240370
240631
240746
240822
240956
241212
241342
241561
241908
242251
242618
242672
242680
242855
242912
243102
243117
243267
243417
243455
243652
243859
243936
243993
244462
244544
244695
245019
245339
245771
245809
246104
246168
246434
246478
246479
246543
246735
247312
247889
248107
248483
248938
249383
249463
249502
249842
250310
250361
250450
250790
250957
251615
251664
251805
251847
252222
252749
252837
252894
253036
253338
253740
253993
254622
254857
255022
255458
255472
255486
255785
256271
256322
256456
256874
257142
257570
257638
257650
257735
257746
257840
257894
258296
258931
259174
259926
259931
260082
260213
260384
260608
260614
260779
260978
261091
261757
262218
262474
262671
263259
263889
265029
265057
265072
265076
265223
265381
265759
267227
267236
267250
267559
267901
267956
269170
270731
270737
270978
271000
271763
271800
272014
272222
272305
272388
272516
272992
273291
273543
273633
273813
274081
274166
274197
275160
276200
276588
278682
278752
279307
279411
279628
279642
279678
280121
280185
280405
280409
281766
281900
281935
282287
282471
282605
282919
283421
283789
283865
284052
284093
284230
284506
285271
285304
285700
285916
286267
286454
286655
286772
287194
287243
287401
287568
287610
287753
288120
288279
289537
289615
289807
289938
290397
290555
290726
291099
291126
291330
291387
291444
291492
291551
291559
291717
292719
292772
292909
293155
293385
293459
293479
293685
293993
294412
294522
294925
295129
295145
295205
295253
295302
295660
295707
295713
295770
295893
296013
296395
296602
296803
297079
297169
297181
297221
297237
297406
297452
297579
297893
297998
298004
298161
298509
299220
299274
299293
299349
300007
300215
300327
301201
301226
301378
301606
302137
302539
302586
303400
303415
303555
303621
304070
304290
304455
304625
304656
304906
305657
305667
306269
306403
306426
306441
306471
306721
307010
307054
307082
307153
307440
307458
307704
308007
308212
308353
308429
308517
309268
309462
310022
310067
310098
310205
310475
311162
311341
311471
311617
311620
312242
312468
313038
313149
313551
314408
315176
315462
315663
315728
316248
316666
316808
317026
318933
318960
319068
319569
320555
320685
320703
321028
321739
321760
321815
322013
322254
322406
323626
324534
325263
326129
326175
326278
326303
326471
326871
327093
327847
328131
328384
329022
329280
329367
329690
329738
330159
330456
330851
330918
331622
332087
332632
333398
333795
333843
334204
334303
334339
335362
335808
335864
335974
336010
336125
336195
336860
337494
337849
337937
338253
338488
339142
339208
339486
340112
340298
340453
340571
340669
340733
340738
340771
341235
341265
341284
341512
341562
341765
341799
342068
342950
343099
343178
344541
345011
345042
345293
345297
345546
345896
346288
346694
346989
347117
347124
347613
347968
348341
348460
348478
348511
348838
349316
349888
350056
350131
350377
350519
350540
350745
351246
351410
351470
351589
351870
351922
352023
352474
352486
352806
353134
353577
353764
353921
354057
354121
354433
355013
355035
355135
355695
355796
355904
355972
356043
356352
356398
356492
356536
356997
357471
357958
358426
358658
358708
359402
359818
360069
360761
361153
361276
361325
361559
361665
362030
362380
362467
363166
363167
363255
363273
363381
363545
363638
363857
364040
364287
364291
364589
365017
365291
365933
365957
365987
366121
366466
366528
366706
366959
367257
367725
367861
368326
368498
368743
368987
369724
369862
371155
371390
371634
372097
372486
372524
372559
373160
373186
373212
373390
373893
374170
374884
374931
375961
376166
376364
376450
376499
376812
377271
377333
377419
377774
378015
378206
378249
378740
379588
379934
379979
380156
380217
380531
380696
380733
380875
381297
381414
381423
381542
381678
381929
382013
382217
382329
382437
382545
382921
383422
383519
383698
384117
384134
384250
384570
384745
384757
384849
384981
385673
385885
386181
386495
387296
387318
387319
387585
387654
387758
387779
387962
388095
388307
388386
388543
388697
389159
389488
389912
390027
390345
390973
391407
391498
391590
391646
391784
393028
393143
393361
394306
394350
394376
394561
394663
394923
395423
395942
395994
396096
396978
397316
397346
397380
397499
398242
398386
398718
398811
399220
399432
399631
399848
399874
399879
399927
400183
400265
400543
400935
401157
401375
401502
401538
401599
401610
401854
401983
402981
403095
403377
403515
403755
403988
403990
404917
405092
405108
405213
405442
405746
405811
406184
406731
407168
407198
407309
407624
408315
408336
408512
408531
408546
408554
408752
408975
409184
409314
409398
410087
410506
410705
410708
410746
410922
410963
411057
411233
412207
412631
412649
412825
412989
413180
413662
414507
414538
414578
414676
414757
414897
414963
415040
415045
416064
416099
416144
416324
416530
416546
416850
416899
416987
417081
417283
417630
417752
417983
417984
418593
418928
418956
419341
419619
419721
420137
420623
420919
421287
421394
421438
421624
421987
422625
422672
422854
423465
423795
423890
423892
423897
423944
424618
425175
426139
426362
426456
426534
426694
427077
427149
427218
427264
427331
427519
427567
427593
427842
428033
428378
428589
428596
428742
429114
429159
429556
430084
430733
430983
431377
431505
432001
432035
432305
432405
432577
432707
432822
432833
432860
433344
433390
433853
434036
434136
434149
434300
434959
435311
435899
436320
436387
436427
436490
436656
436756
437602
438312
438717
438748
439169
439300
439482
439838
439854
440008
440230
440312
440720
440891
441235
441388
441647
441758
441830
441985
442029
442032
442046
442133
442249
442451
442568
442752
442889
443096
443243
443365
443816
443830
444017
444777
444992
444996
445152
445932
446058
446225
446381
446842
447079
448056
448822
449225
449818
449934
449949
450148
450520
450779
450809
450861
451275
451360
451379
451487
451530
452073
452091
452197
452685
453179
453205
453519
453985
454169
454575
454721
455020
455945
456174
456334
456397
456733
456830
456913
457237
457265
457524
457581
457989
458010
458093
458499
458896
459079
459086
459310
459585
459943
460063
460262
460497
461049
461121
461758
461842
462023
462196
462433
463097
463978
464548
464558
464758
466026
466112
466136
466452
467341
467485
467636
468051
468203
469549
469777
470100
470115
470778
471059
471531
471770
471998
472025
472138
472599
472945
473171
473249
473503
473520
474517
474749
475003
475407
475599
476209
476275
476450
476634
476842
477898
478050
478436
478520
478592
479181
479777
480426
480428
480436
480627
480754
480806
480825
481094
481118
481206
481378
481676
481684
481893
482406
482721
482900
483046
483624
483627
483698
483704
484482
484640
485406
485486
485829
486142
486704
486721
486869
487231
487378
487980
487990
488020
488077
488256
488452
488481
488488
488766
488920
489386
489412
489645
489756
489892
490200
490751
491177
491193
491204
491233
491271
491441
491609
492079
492165
492286
492498
492499
492550
492779
493039
493089
494073
494139
494160
494165
494378
494502
494606
494765
494814
494821
495069
495289
495588
495627
495785
495798
495847
495982
496087
496243
496996
497342
498175
498438
498557
498872
498906
498929
499145
499293
499712
499893
500317
500592
500972
501564
501782
501922
502213
502302
502712
503129
503169
503364
503477
503921
504436
504853
505328
505350
505520
506114
506361
506641
506781
506933
507064
507437
507756
508369
508621
509031
509310
509343
509619
509677
509835
509970
510012
510214
510722
510894
511020
511116
511357
511612
511631
511696
511843
512100
512416
512587
513044
513101
513527
513903
513923
514412
514432
515139
516441
516912
517054
518375
518815
519066
519233
519599
520032
520120
520643
520786
520834
521533
521990
522224
523013
523128
523800
523944
524029
524131
524478
524626
524686
524711
524996
525101
525229
525799
526094
526227
527060
527296
527449
527942
528292
529163
529184
529311
529917
530045
530366
530496
530691
530888
531172
531661
531778
532283
532381
532542
532662
532666
532943
533540
533558
533801
534088
534424
534958
534967
535004
535203
535279
535539
535672
535869
536079
536348
536387
536670
537175
537208
537809
537871
537925
538155
538393
538531
538586
538782
539190
540092
540318
540481
540548
541287
541372
541548
541691
541766
541985
542164
542528
542651
542891
542940
543012
543200
543629
543950
544454
544926
545045
545759
546264
547012
547233
547246
547313
548051
548084
548461
548683
549127
549882
549950
550213
550858
551040
551215
551590
552133
552665
553289
553310
553725
